0.5
0.5
0.5
0.5
0.5
0.5
0.5
0.5
0.5
0.5
0.5
0.5
0.5
0.5
0.5
0.5
0.5
0.5
0.5
0.5
0.5
0.5
0.5
0.5
0.5
0.5
0.5
0.5
0.5
0.5
0.5
0.5
0.5
0.5
0.5
0.5
0.5
0.5
0.5
0.5
0.5
0.5
0.5
0.5
0.5
0.5
0.5
0.5
0.5
0.5
0.5
0.5
0.5
0.5
0.5
0.5
0.5
0.5
0.5
0.5
0.5
0.5
0.5
0.5
0.5
0.5
0.5
0.5
0.5
0.5
0.5
0.5
0.5
0.5
0.5
0.5
0.5
0.5
0.5
0.5
0.5
0.5
0.5
0.5
0.5
0.5
0.5
0.5
0.5
0.5
0.5
0.5
0.5
0.5
0.5
0.5
0.5
0.5
0.5
0.5
0.5
0.5
0.5
0.5
0.5
0.5
0.5
0.5
0.5
0.5
0.5
0.5
0.5
0.5
0.5
0.5
0.5
0.5
0.5
0.5
0.5
0.5
0.5
0.5
0.5
0.5
0.5
0.5
0.5
0.5
0.5
0.5
0.5
0.5
0.5
0.5
0.5
0.5
0.5
0.5
0.5
0.5
0.5
0.5
0.5
0.5
0.5
0.5
0.5
0.5
0.5
0.5
0.5
0.5
0.5
0.5
0.5
0.5
0.5
0.5
0.5
0.5
0.5
0.5
0.5
0.5
0.5
0.5
0.5
0.5
0.5
0.5
0.5
0.5
0.5
0.5
0.5
0.5
0.5
0.5
0.5
0.5
0.5
0.5
0.5
0.5
0.5
0.5
0.5
0.5
0.5
0.5
0.5
0.5
0.5
0.5
0.5
0.5
0.5
0.5
0.5
0.5
0.5
0.5
0.5
0.5
0.5
0.5
0.5
0.5
0.5
0.5
0.5
0.5
0.5
0.5
0.5
0.5
0.5
0.5
0.5
0.5
0.5
0.5
0.5
0.5
0.5
0.5
0.5
0.5
0.5
0.5
0.5
0.5
0.5
0.5
0.5
0.5
0.5
0.5
0.5
0.5
0.5
0.5
0.5
0.5
0.5
0.5
0.5
0.5
0.5
0.5
0.5
0.5
0.5
0.5
0.5
0.5
0.5
0.5
0.5
0.5
0.5
0.5
0.5
0.5
0.5
0.5
0.5
0.5
0.5
0.5
0.5
0.5
0.5
0.5
0.5
0.5
0.5
0.5
0.5
0.5
0.5
0.5
0.5
0.5
0.5
0.5
0.5
0.5
0.5
0.5
0.5
0.5
0.5
0.5
0.5
0.5
0.5
0.5
0.5
0.501735874
0.503477775
0.505225723
0.50697974
0.508739846
0.510506063
0.512278412
0.514056913
0.51584159
0.517632462
0.519429552
0.52123288
0.52304247
0.524858342
0.526680518
0.52850902
0.530343871
0.532185091
0.534032704
0.535886731
0.537747195
0.539614118
0.541487523
0.543367431
0.545253866
0.547146851
0.549046407
0.550952558
0.552865327
0.554784736
0.556710809
0.558643569
0.560583039
0.562529242
0.564482202
0.566441943
0.568408487
0.570381858
0.57236208
0.574349177
0.576343173
0.578344092
0.580351957
0.582366793
0.584388624
0.586417475
0.588453369
0.590496331
0.592546385
0.594603558
0.596667872
0.598739352
0.600818025
0.602903914
0.604997045
0.607097442
0.609205132
0.611320139
0.613442489
0.615572207
0.617709319
0.61985385
0.622005827
0.624165274
0.626332219
0.628506687
0.630688704
0.632878297
0.635075491
0.637280314
0.639492791
0.641712949
0.643940815
0.646176415
0.648419777
0.650670928
0.652929894
0.655196702
0.65747138
0.659753955
0.662044455
0.664342907
0.666649339
0.668963777
0.671286251
0.673616788
0.675955417
0.678302164
0.680657058
0.683020128
0.685391402
0.687770909
0.690158677
0.692554734
0.69495911
0.697371833
0.699792933
0.702222438
0.704660378
0.707106781
0.709561678
0.712025098
0.71449707
0.716977624
0.71946679
0.721964598
0.724471077
0.726986259
0.729510172
0.732042848
0.734584317
0.737134609
0.739693755
0.742261785
0.744838732
0.747424624
0.750019495
0.752623374
0.755236293
0.757858283
0.760489377
0.763129604
0.765778999
0.768437591
0.771105413
0.773782497
0.776468875
0.77916458
0.781869643
0.784584098
0.787307977
0.790041312
0.792784137
0.795536484
0.798298386
0.801069878
0.803850991
0.806641759
0.809442217
0.812252396
0.815072332
0.817902059
0.820741609
0.823591017
0.826450318
0.829319546
0.832198735
0.835087919
0.837987135
0.840896415
0.843815796
0.846745312
0.849684999
0.852634892
0.855595026
0.858565436
0.86154616
0.864537231
0.867538687
0.870550563
0.873572896
0.876605721
0.879649076
0.882702996
0.885767519
0.888842681
0.891928519
0.895025071
0.898132373
0.901250463
0.904379378
0.907519155
0.910669834
0.91383145
0.917004043
0.920187651
0.923382311
0.926588062
0.929804943
0.933032992
0.936272247
0.939522749
0.942784536
0.946057647
0.949342121
0.952637998
0.955945318
0.959264119
0.962594443
0.965936329
0.969289817
0.972654947
0.976031761
0.979420298
0.982820599
0.986232704
0.989656656
0.993092495
0.996540263
1
1.003471749
1.00695555
1.010451446
1.01395948
1.017479692
1.021012126
1.024556823
1.028113827
1.031683179
1.035264924
1.038859103
1.042465761
1.04608494
1.049716684
1.053361036
1.057018041
1.060687741
1.064370182
1.068065408
1.071773463
1.07549439
1.079228237
1.082975046
1.086734863
1.090507733
1.094293701
1.098092814
1.101905116
1.105730653
1.109569472
1.113421618
1.117287138
1.121166078
1.125058485
1.128964405
1.132883885
1.136816973
1.140763716
1.144724161
1.148698355
1.152686347
1.156688184
1.160703914
1.164733586
1.168777249
1.172834949
1.176906737
1.180992661
1.185092771
1.189207115
1.193335743
1.197478705
1.20163605
1.205807828
1.209994089
1.214194884
1.218410264
1.222640278
1.226884977
1.231144413
1.235418637
1.2397077
1.244011653
1.248330549
1.252664439
1.257013375
1.261377409
1.265756594
1.270150983
1.274560627
1.278985581
1.283425898
1.28788163
1.292352831
1.296839555
1.301341855
1.305859787
1.310393404
1.31494276
1.319507911
1.32408891
1.328685814
1.333298677
1.337927555
1.342572503
1.347233577
1.351910833
1.356604327
1.361314116
1.366040257
1.370782805
1.375541818
1.380317353
1.385109468
1.38991822
1.394743666
1.399585866
1.404444876
1.409320755
1.414213562
1.419123356
1.424050196
1.42899414
1.433955248
1.43893358
1.443929196
1.448942155
1.453972517
1.459020344
1.464085696
1.469168633
1.474269217
1.479387509
1.484523571
1.489677463
1.494849249
1.500038989
1.505246747
1.510472586
1.515716567
1.520978753
1.526259209
1.531557997
1.536875181
1.542210825
1.547564994
1.55293775
1.558329159
1.563739286
1.569168196
1.574615953
1.580082624
1.585568273
1.591072968
1.596596773
1.602139755
1.607701981
1.613283518
1.618884433
1.624504793
1.630144665
1.635804117
1.641483218
1.647182035
1.652900636
1.658639092
1.664397469
1.670175839
1.675974269
1.681792831
1.687631592
1.693490625
1.699369998
1.705269784
1.711190051
1.717130873
1.723092319
1.729074463
1.735077374
1.741101127
1.747145792
1.753211443
1.759298152
1.765405993
1.771535038
1.777685362
1.783857039
1.790050142
1.796264746
1.802500925
1.808758755
1.815038311
1.821339667
1.8276629
1.834008086
1.840375301
1.846764621
1.853176124
1.859609885
1.866065983
1.872544495
1.879045498
1.885569072
1.892115293
1.898684242
1.905275996
1.911890635
1.918528239
1.925188886
1.931872658
1.938579634
1.945309895
1.952063522
1.958840595
1.965641197
1.972465409
1.979313313
1.986184991
1.993080526
2
2.006943497
2.0139111
2.020902893
2.02791896
2.034959384
2.042024251
2.049113646
2.056227653
2.063366359
2.070529848
2.077718207
2.084931522
2.09216988
2.099433367
2.106722072
2.114036081
2.121375483
2.128740365
2.136130816
2.143546925
2.150988781
2.158456473
2.165950091
2.173469725
2.181015465
2.188587403
2.196185628
2.203810232
2.211461307
2.219138944
2.226843236
2.234574276
2.242332156
2.250116969
2.25792881
2.265767771
2.273633946
2.281527432
2.289448321
2.29739671
2.305372694
2.313376368
2.321407829
2.329467173
2.337554497
2.345669898
2.353813474
2.361985323
2.370185542
2.37841423
2.386671486
2.394957409
2.403272099
2.411615655
2.419988178
2.428389769
2.436820527
2.445280555
2.453769955
2.462288827
2.470837274
2.4794154
2.488023307
2.496661098
2.505328877
2.514026749
2.522754818
2.531513188
2.540301965
2.549121255
2.557971163
2.566851795
2.575763259
2.584705661
2.593679109
2.602683711
2.611719574
2.620786808
2.62988552
2.639015822
2.648177821
2.657371628
2.666597354
2.67585511
2.685145006
2.694467154
2.703821666
2.713208655
2.722628233
2.732080514
2.74156561
2.751083636
2.760634707
2.770218936
2.77983644
2.789487333
2.799171731
2.808889751
2.81864151
2.828427125
2.838246712
2.848100391
2.857988279
2.867910496
2.87786716
2.887858391
2.897884309
2.907945035
2.918040688
2.928171392
2.938337267
2.948538435
2.958775018
2.969047141
2.979354926
2.989698497
3.000077979
3.010493495
3.020945171
3.031433133
3.041957506
3.052518418
3.063115994
3.073750363
3.084421651
3.095129987
3.1058755
3.116658319
3.127478573
3.138336392
3.149231906
3.160165247
3.171136546
3.182145935
3.193193545
3.20427951
3.215403963
3.226567037
3.237768866
3.249009585
3.26028933
3.271608234
3.282966435
3.294364069
3.305801273
3.317278183
3.328794939
3.340351678
3.351948539
3.363585661
3.375263185
3.386981249
3.398739997
3.410539567
3.422380103
3.434261746
3.446184639
3.458148925
3.470154749
3.482202253
3.494291584
3.506422885
3.518596304
3.530811985
3.543070076
3.555370725
3.567714078
3.580100284
3.592529492
3.60500185
3.61751751
3.630076621
3.642679334
3.655325801
3.668016173
3.680750602
3.693529243
3.706352248
3.71921977
3.732131966
3.74508899
3.758090997
3.771138144
3.784230587
3.797368484
3.810551992
3.82378127
3.837056477
3.850377772
3.863745316
3.877159268
3.89061979
3.904127043
3.91768119
3.931282394
3.944930818
3.958626626
3.972369982
3.986161051
4
4
4
4
4
4
4
4
4
4
4
4
4
4
4
4
4
4
4
4
4
4
4
4
4
4
4
4
4
4
4
4
4
4
4
4
4
4
4
4
4
4
4
4
4
4
4
4
4
4
4
4
4
4
4
4
4
4
4
4
4
4
4
4
4
4
4
4
4
4
4
4
4
4
4
4
4
4
4
4
4
4
4
4
4
4
4
4
4
4
4
4
4
4
4
4
4
4
4
4
4
4
4
4
4
4
4
4
4
4
4
4
4
4
4
4
4
4
4
4
4
4
4
4
